(3, 3)
(3, 6)
(3, 6)
(3, 6)
(3, 9)
(3, 9)
(3, 12)
(3, 15)
(4, 4)
(4, 12)
(4, 16)
(6, 6)
(6, 6)
(6, 6)
(6, 6)
(6, 6)
(6, 6)
(6, 6)
(6, 6)
(6, 6)
(6, 12)
(6, 12)
(6, 12)
(7, 7)
(9, 9)
(9, 9)
(9, 9)
(9, 9)
(10, 10)
(12, 12)
(13, 13)
(13, 13)
(13, 13)
(13, 13)
(15, 15)
(16, 16)
(17, 17)
(19, 19)
----------------------------------------------------------------------
(6, 6)
----------------------------------------------------------------------
(3, 3)
(3, 6)
(3, 6)
(3, 6)
(3, 9)
(3, 9)
(3, 12)
(3, 15)
(4, 4)
(4, 12)
(4, 16)
(6, 6)
(6, 6)
(6, 6)
(6, 6)
(6, 6)
(6, 6)
(6, 6)
(6, 6)
(6, 6)
(6, 12)
(6, 12)
(6, 12)
(7, 7)
(9, 9)
(9, 9)
(9, 9)
(9, 9)
(10, 10)
(12, 12)
(13, 13)
(13, 13)
(13, 13)
(13, 13)
(15, 15)
(16, 16)
(17, 17)
(19, 19)
----------------------------------------------------------------------
3
3
4
4
6
6
6
6
6
6
7
7
9
9
9
9
10
10
12
12
13
13
13
13
15
15
16
16
17
17
19
19
----------------------------------------------------------------------
3
3
4
4
6
6
6
6
6
6
7
7
9
9
9
9
10
10
12
12
13
13
13
13
15
15
16
16
17
17
19
19
----------------------------------------------------------------------
88
----------------------------------------------------------------------
88
----------------------------------------------------------------------
88
----------------------------------------------------------------------
6
15
6
9
13
7
9
12
13
16
6
17
19
10
3
4
----------------------------------------------------------------------
6
15
6
9
13
7
9
12
13
16
6
17
19
10
3
4
----------------------------------------------------------------------
6
11
9
2
0
11
2
7
4
0
9
3
10
2
9
12
----------------------------------------------------------------------
True
----------------------------------------------------------------------
19
17
16
15
13
12
10
9
7
6
4
3
----------------------------------------------------------------------
19
17
16
15
13
12
10
9
7
6
4
3
----------------------------------------------------------------------
19
17
16
15
13
12
10
9
7
6
4
3
----------------------------------------------------------------------
3
3
4
4
6
6
6
6
6
6
7
7
9
9
9
9
10
10
12
12
13
13
13
13
15
15
16
16
17
17
19
19
----------------------------------------------------------------------
19
17
16
15
13
12
10
9
7
6
4
3
----------------------------------------------------------------------
19
17
16
15
13
12
10
9
7
6
4
3
----------------------------------------------------------------------
19
17
16
15
13
12
10
9
7
6
4
3
----------------------------------------------------------------------
Counter({8: 2, 4: 1, 9: 1, 2: 1, 5: 1, 7: 1, 6: 1})
----------------------------------------------------------------------
3
4
6
6
6
7
9
9
10
12
13
13
15
16
17
19
----------------------------------------------------------------------
NO ANSWER----------------------------------------------------------------------
NO ANSWER----------------------------------------------------------------------
NO ANSWER----------------------------------------------------------------------
NO ANSWER----------------------------------------------------------------------
NO ANSWER----------------------------------------------------------------------
NO ANSWER----------------------------------------------------------------------
